,Date,Category,Prior Year Total,Current Year Total,Month,Year,Monthly Total
0,2008-01-01,Abgeltungsteuer auf Zins- und Veräußerungserträge,0,1621,1,2008,1621.0
1,2008-02-01,Abgeltungsteuer auf Zins- und Veräußerungserträge,0,2019,2,2008,398.0
2,2008-03-01,Abgeltungsteuer auf Zins- und Veräußerungserträge,0,2379,3,2008,360.0
3,2008-04-01,Abgeltungsteuer auf Zins- und Veräußerungserträge,0,2794,4,2008,415.0
4,2008-05-01,Abgeltungsteuer auf Zins- und Veräußerungserträge,0,3177,5,2008,383.0
5,2008-06-01,Abgeltungsteuer auf Zins- und Veräußerungserträge,0,3438,6,2008,261.0
6,2008-07-01,Abgeltungsteuer auf Zins- und Veräußerungserträge,0,3870,7,2008,432.0
7,2008-08-01,Abgeltungsteuer auf Zins- und Veräußerungserträge,0,4369,8,2008,499.0
8,2008-09-01,Abgeltungsteuer auf Zins- und Veräußerungserträge,0,4648,9,2008,279.0
9,2008-10-01,Abgeltungsteuer auf Zins- und Veräußerungserträge,0,5050,10,2008,402.0
10,2008-11-01,Abgeltungsteuer auf Zins- und Veräußerungserträge,0,5504,11,2008,454.0
11,2008-12-01,Abgeltungsteuer auf Zins- und Veräußerungserträge,0,5922,12,2008,418.0
0,2009-01-01,Abgeltungsteuer auf Zins- und Veräußerungserträge,1621,1724,1,2009,1724.0
1,2009-02-01,Abgeltungsteuer auf Zins- und Veräußerungserträge,2019,2128,2,2009,404.0
2,2009-03-01,Abgeltungsteuer auf Zins- und Veräußerungserträge,2379,2403,3,2009,275.0
3,2009-04-01,Abgeltungsteuer auf Zins- und Veräußerungserträge,2794,2770,4,2009,367.0
4,2009-05-01,Abgeltungsteuer auf Zins- und Veräußerungserträge,3177,3141,5,2009,371.0
5,2009-06-01,Abgeltungsteuer auf Zins- und Veräußerungserträge,3438,3394,6,2009,253.0
6,2009-07-01,Abgeltungsteuer auf Zins- und Veräußerungserträge,3870,3836,7,2009,442.0
7,2009-08-01,Abgeltungsteuer auf Zins- und Veräußerungserträge,4369,4220,8,2009,384.0
8,2009-09-01,Abgeltungsteuer auf Zins- und Veräußerungserträge,4648,4485,9,2009,265.0
9,2009-10-01,Abgeltungsteuer auf Zins- und Veräußerungserträge,5050,4798,10,2009,313.0
10,2009-11-01,Abgeltungsteuer auf Zins- und Veräußerungserträge,5504,5132,11,2009,334.0
11,2009-12-01,Abgeltungsteuer auf Zins- und Veräußerungserträge,5922,5475,12,2009,343.0
12,2010-01-01,Abgeltungsteuer auf Zins- und Veräußerungserträge,1724,1206,1,2010,1206.0
13,2010-02-01,Abgeltungsteuer auf Zins- und Veräußerungserträge,2128,1523,2,2010,317.0
14,2010-03-01,Abgeltungsteuer auf Zins- und Veräußerungserträge,2403,1743,3,2010,220.0
15,2010-04-01,Abgeltungsteuer auf Zins- und Veräußerungserträge,2770,2012,4,2010,269.0
16,2010-05-01,Abgeltungsteuer auf Zins- und Veräußerungserträge,3141,2231,5,2010,219.0
17,2010-06-01,Abgeltungsteuer auf Zins- und Veräußerungserträge,3394,2367,6,2010,136.0
18,2010-07-01,Abgeltungsteuer auf Zins- und Veräußerungserträge,3836,2631,7,2010,264.0
19,2010-08-01,Abgeltungsteuer auf Zins- und Veräußerungserträge,4220,2900,8,2010,269.0
20,2010-09-01,Abgeltungsteuer auf Zins- und Veräußerungserträge,4485,3060,9,2010,160.0
21,2010-10-01,Abgeltungsteuer auf Zins- und Veräußerungserträge,4798,3274,10,2010,214.0
22,2010-11-01,Abgeltungsteuer auf Zins- und Veräußerungserträge,5132,3521,11,2010,247.0
23,2010-12-01,Abgeltungsteuer auf Zins- und Veräußerungserträge,5475,3832,12,2010,311.0
24,2011-01-01,Abgeltungsteuer auf Zins- und Veräußerungserträge,1206,1058,1,2011,1058.0
25,2011-02-01,Abgeltungsteuer auf Zins- und Veräußerungserträge,1523,1318,2,2011,260.0
26,2011-03-01,Abgeltungsteuer auf Zins- und Veräußerungserträge,1743,1548,3,2011,230.0
27,2011-04-01,Abgeltungsteuer auf Zins- und Veräußerungserträge,2012,1819,4,2011,271.0
28,2011-05-01,Abgeltungsteuer auf Zins- und Veräußerungserträge,2231,2047,5,2011,228.0
29,2011-06-01,Abgeltungsteuer auf Zins- und Veräußerungserträge,2367,2203,6,2011,156.0
30,2011-07-01,Abgeltungsteuer auf Zins- und Veräußerungserträge,2631,2474,7,2011,271.0
31,2011-08-01,Abgeltungsteuer auf Zins- und Veräußerungserträge,2900,2756,8,2011,282.0
32,2011-09-01,Abgeltungsteuer auf Zins- und Veräußerungserträge,3060,2858,9,2011,102.0
33,2011-10-01,Abgeltungsteuer auf Zins- und Veräußerungserträge,3274,3057,10,2011,199.0
34,2011-11-01,Abgeltungsteuer auf Zins- und Veräußerungserträge,3521,3307,11,2011,250.0
35,2011-12-01,Abgeltungsteuer auf Zins- und Veräußerungserträge,3832,3529,12,2011,222.0
36,2012-01-01,Abgeltungsteuer auf Zins- und Veräußerungserträge,1058,1071,1,2012,1071.0
37,2012-02-01,Abgeltungsteuer auf Zins- und Veräußerungserträge,1318,1329,2,2012,258.0
38,2012-03-01,Abgeltungsteuer auf Zins- und Veräußerungserträge,1548,1525,3,2012,196.0
39,2012-04-01,Abgeltungsteuer auf Zins- und Veräußerungserträge,1819,1796,4,2012,271.0
40,2012-05-01,Abgeltungsteuer auf Zins- und Veräußerungserträge,2047,2028,5,2012,232.0
41,2012-06-01,Abgeltungsteuer auf Zins- und Veräußerungserträge,2203,2177,6,2012,149.0
42,2012-07-01,Abgeltungsteuer auf Zins- und Veräußerungserträge,2474,2438,7,2012,261.0
43,2012-08-01,Abgeltungsteuer auf Zins- und Veräußerungserträge,2756,2745,8,2012,307.0
44,2012-09-01,Abgeltungsteuer auf Zins- und Veräußerungserträge,2858,2917,9,2012,172.0
45,2012-10-01,Abgeltungsteuer auf Zins- und Veräußerungserträge,3057,3133,10,2012,216.0
46,2012-11-01,Abgeltungsteuer auf Zins- und Veräußerungserträge,3307,3376,11,2012,243.0
47,2012-12-01,Abgeltungsteuer auf Zins- und Veräußerungserträge,3529,3623,12,2012,247.0
48,2013-01-01,Abgeltungsteuer auf Zins- und Veräußerungserträge,1071,1122,1,2013,1122.0
49,2013-02-01,Abgeltungsteuer auf Zins- und Veräußerungserträge,1329,1392,2,2013,270.0
50,2013-03-01,Abgeltungsteuer auf Zins- und Veräußerungserträge,1525,1574,3,2013,182.0
51,2013-04-01,Abgeltungsteuer auf Zins- und Veräußerungserträge,1796,1827,4,2013,253.0
52,2013-05-01,Abgeltungsteuer auf Zins- und Veräußerungserträge,2028,2027,5,2013,200.0
53,2013-06-01,Abgeltungsteuer auf Zins- und Veräußerungserträge,2177,2288,6,2013,261.0
54,2013-07-01,Abgeltungsteuer auf Zins- und Veräußerungserträge,2438,2564,7,2013,276.0
55,2013-08-01,Abgeltungsteuer auf Zins- und Veräußerungserträge,2745,2871,8,2013,307.0
56,2013-09-01,Abgeltungsteuer auf Zins- und Veräußerungserträge,2917,3038,9,2013,167.0
57,2013-10-01,Abgeltungsteuer auf Zins- und Veräußerungserträge,3133,3256,10,2013,218.0
58,2013-11-01,Abgeltungsteuer auf Zins- und Veräußerungserträge,3376,3515,11,2013,259.0
59,2013-12-01,Abgeltungsteuer auf Zins- und Veräußerungserträge,3623,3812,12,2013,297.0
60,2014-01-01,Abgeltungsteuer auf Zins- und Veräußerungserträge,1122,987,1,2014,987.0
61,2014-02-01,Abgeltungsteuer auf Zins- und Veräußerungserträge,1392,1256,2,2014,269.0
62,2014-03-01,Abgeltungsteuer auf Zins- und Veräußerungserträge,1574,1519,3,2014,263.0
63,2014-04-01,Abgeltungsteuer auf Zins- und Veräußerungserträge,1827,1747,4,2014,228.0
64,2014-05-01,Abgeltungsteuer auf Zins- und Veräußerungserträge,2027,1956,5,2014,209.0
65,2014-06-01,Abgeltungsteuer auf Zins- und Veräußerungserträge,2288,2112,6,2014,156.0
66,2014-07-01,Abgeltungsteuer auf Zins- und Veräußerungserträge,2564,2377,7,2014,265.0
67,2014-08-01,Abgeltungsteuer auf Zins- und Veräußerungserträge,2871,2653,8,2014,276.0
68,2014-09-01,Abgeltungsteuer auf Zins- und Veräußerungserträge,3038,2792,9,2014,139.0
69,2014-10-01,Abgeltungsteuer auf Zins- und Veräußerungserträge,3256,2985,10,2014,193.0
70,2014-11-01,Abgeltungsteuer auf Zins- und Veräußerungserträge,3515,3212,11,2014,227.0
71,2014-12-01,Abgeltungsteuer auf Zins- und Veräußerungserträge,3812,3437,12,2014,225.0
72,2015-01-01,Abgeltungsteuer auf Zins- und Veräußerungserträge,987,610,1,2015,610.0
73,2015-02-01,Abgeltungsteuer auf Zins- und Veräußerungserträge,1256,1085,2,2015,475.0
74,2015-03-01,Abgeltungsteuer auf Zins- und Veräußerungserträge,1519,1368,3,2015,283.0
75,2015-04-01,Abgeltungsteuer auf Zins- und Veräußerungserträge,1747,1794,4,2015,426.0
76,2015-05-01,Abgeltungsteuer auf Zins- und Veräußerungserträge,1956,2125,5,2015,331.0
77,2015-06-01,Abgeltungsteuer auf Zins- und Veräußerungserträge,2112,2353,6,2015,228.0
78,2015-07-01,Abgeltungsteuer auf Zins- und Veräußerungserträge,2377,2647,7,2015,294.0
79,2015-08-01,Abgeltungsteuer auf Zins- und Veräußerungserträge,2653,2872,8,2015,225.0
80,2015-09-01,Abgeltungsteuer auf Zins- und Veräußerungserträge,2792,3022,9,2015,150.0
81,2015-10-01,Abgeltungsteuer auf Zins- und Veräußerungserträge,2985,3143,10,2015,121.0
82,2015-11-01,Abgeltungsteuer auf Zins- und Veräußerungserträge,3212,3298,11,2015,155.0
83,2015-12-01,Abgeltungsteuer auf Zins- und Veräußerungserträge,3437,3634,12,2015,336.0
84,2016-01-01,Abgeltungsteuer auf Zins- und Veräußerungserträge,610,558,1,2016,558.0
85,2016-02-01,Abgeltungsteuer auf Zins- und Veräußerungserträge,1085,745,2,2016,187.0
86,2016-03-01,Abgeltungsteuer auf Zins- und Veräußerungserträge,1368,960,3,2016,215.0
87,2016-04-01,Abgeltungsteuer auf Zins- und Veräußerungserträge,1794,1156,4,2016,196.0
88,2016-05-01,Abgeltungsteuer auf Zins- und Veräußerungserträge,2125,1322,5,2016,166.0
89,2016-06-01,Abgeltungsteuer auf Zins- und Veräußerungserträge,2353,1462,6,2016,140.0
90,2016-07-01,Abgeltungsteuer auf Zins- und Veräußerungserträge,2647,1631,7,2016,169.0
91,2016-08-01,Abgeltungsteuer auf Zins- und Veräußerungserträge,2872,1809,8,2016,178.0
92,2016-09-01,Abgeltungsteuer auf Zins- und Veräußerungserträge,3022,1961,9,2016,152.0
93,2016-10-01,Abgeltungsteuer auf Zins- und Veräußerungserträge,3143,2133,10,2016,172.0
94,2016-11-01,Abgeltungsteuer auf Zins- und Veräußerungserträge,3298,2258,11,2016,125.0
95,2016-12-01,Abgeltungsteuer auf Zins- und Veräußerungserträge,3634,2613,12,2016,355.0
96,2017-01-01,Abgeltungsteuer auf Zins- und Veräußerungserträge,558,505,1,2017,505.0
97,2017-02-01,Abgeltungsteuer auf Zins- und Veräußerungserträge,745,881,2,2017,376.0
98,2017-03-01,Abgeltungsteuer auf Zins- und Veräußerungserträge,960,1107,3,2017,226.0
99,2017-04-01,Abgeltungsteuer auf Zins- und Veräußerungserträge,1156,1401,4,2017,294.0
100,2017-05-01,Abgeltungsteuer auf Zins- und Veräußerungserträge,1322,1627,5,2017,226.0
101,2017-06-01,Abgeltungsteuer auf Zins- und Veräußerungserträge,1462,1832,6,2017,205.0
102,2017-07-01,Abgeltungsteuer auf Zins- und Veräußerungserträge,1631,2036,7,2017,204.0
103,2017-08-01,Abgeltungsteuer auf Zins- und Veräußerungserträge,1809,2227,8,2017,191.0
104,2017-09-01,Abgeltungsteuer auf Zins- und Veräußerungserträge,1961,2400,9,2017,173.0
105,2017-10-01,Abgeltungsteuer auf Zins- und Veräußerungserträge,2133,2604,10,2017,204.0
106,2017-11-01,Abgeltungsteuer auf Zins- und Veräußerungserträge,2258,2825,11,2017,221.0
107,2017-12-01,Abgeltungsteuer auf Zins- und Veräußerungserträge,2613,3227,12,2017,402.0
108,2018-01-01,Abgeltungsteuer auf Zins- und Veräußerungserträge,505,557,1,2018,557.0
109,2018-02-01,Abgeltungsteuer auf Zins- und Veräußerungserträge,881,1169,2,2018,612.0
110,2018-03-01,Abgeltungsteuer auf Zins- und Veräußerungserträge,1107,1356,3,2018,187.0
111,2018-04-01,Abgeltungsteuer auf Zins- und Veräußerungserträge,1401,1632,4,2018,276.0
112,2018-05-01,Abgeltungsteuer auf Zins- und Veräußerungserträge,1627,1803,5,2018,171.0
113,2018-06-01,Abgeltungsteuer auf Zins- und Veräußerungserträge,1832,1975,6,2018,172.0
114,2018-07-01,Abgeltungsteuer auf Zins- und Veräußerungserträge,2036,2176,7,2018,201.0
115,2018-08-01,Abgeltungsteuer auf Zins- und Veräußerungserträge,2227,2369,8,2018,193.0
116,2018-09-01,Abgeltungsteuer auf Zins- und Veräußerungserträge,2400,2532,9,2018,163.0
117,2018-10-01,Abgeltungsteuer auf Zins- und Veräußerungserträge,2604,2684,10,2018,152.0
118,2018-11-01,Abgeltungsteuer auf Zins- und Veräußerungserträge,2825,2849,11,2018,165.0
119,2018-12-01,Abgeltungsteuer auf Zins- und Veräußerungserträge,3227,3033,12,2018,184.0
