,Date,Category,Prior Year Total,Current Year Total,Month,Year,Monthly Total
0,2008-01-01,Energiesteuer,0,373,1,2008,373.0
1,2008-02-01,Energiesteuer,0,1627,2,2008,1254.0
2,2008-03-01,Energiesteuer,0,4668,3,2008,3041.0
3,2008-04-01,Energiesteuer,0,7767,4,2008,3099.0
4,2008-05-01,Energiesteuer,0,10877,5,2008,3110.0
5,2008-06-01,Energiesteuer,0,14238,6,2008,3361.0
6,2008-07-01,Energiesteuer,0,17417,7,2008,3179.0
7,2008-08-01,Energiesteuer,0,20601,8,2008,3184.0
8,2008-09-01,Energiesteuer,0,24045,9,2008,3444.0
9,2008-10-01,Energiesteuer,0,27217,10,2008,3172.0
10,2008-11-01,Energiesteuer,0,30753,11,2008,3536.0
11,2008-12-01,Energiesteuer,0,39248,12,2008,8495.0
0,2009-01-01,Energiesteuer,373,319,1,2009,319.0
1,2009-02-01,Energiesteuer,1627,1795,2,2009,1476.0
2,2009-03-01,Energiesteuer,4668,4777,3,2009,2982.0
3,2009-04-01,Energiesteuer,7767,7848,4,2009,3071.0
4,2009-05-01,Energiesteuer,10877,11194,5,2009,3346.0
5,2009-06-01,Energiesteuer,14238,14836,6,2009,3642.0
6,2009-07-01,Energiesteuer,17417,18028,7,2009,3192.0
7,2009-08-01,Energiesteuer,20601,21195,8,2009,3167.0
8,2009-09-01,Energiesteuer,24045,24718,9,2009,3523.0
9,2009-10-01,Energiesteuer,27217,28018,10,2009,3300.0
10,2009-11-01,Energiesteuer,30753,31580,11,2009,3562.0
11,2009-12-01,Energiesteuer,39248,39822,12,2009,8242.0
12,2010-01-01,Energiesteuer,319,272,1,2010,272.0
13,2010-02-01,Energiesteuer,1795,1666,2,2010,1394.0
14,2010-03-01,Energiesteuer,4777,4446,3,2010,2780.0
15,2010-04-01,Energiesteuer,7848,7212,4,2010,2766.0
16,2010-05-01,Energiesteuer,11194,10685,5,2010,3473.0
17,2010-06-01,Energiesteuer,14836,14041,6,2010,3356.0
18,2010-07-01,Energiesteuer,18028,17348,7,2010,3307.0
19,2010-08-01,Energiesteuer,21195,20707,8,2010,3359.0
20,2010-09-01,Energiesteuer,24718,24213,9,2010,3506.0
21,2010-10-01,Energiesteuer,28018,27662,10,2010,3449.0
22,2010-11-01,Energiesteuer,31580,31236,11,2010,3574.0
23,2010-12-01,Energiesteuer,39822,39838,12,2010,8602.0
24,2011-01-01,Energiesteuer,272,218,1,2011,218.0
25,2011-02-01,Energiesteuer,1666,1429,2,2011,1211.0
26,2011-03-01,Energiesteuer,4446,4457,3,2011,3028.0
27,2011-04-01,Energiesteuer,7212,7555,4,2011,3098.0
28,2011-05-01,Energiesteuer,10685,10972,5,2011,3417.0
29,2011-06-01,Energiesteuer,14041,14459,6,2011,3487.0
30,2011-07-01,Energiesteuer,17348,18027,7,2011,3568.0
31,2011-08-01,Energiesteuer,20707,21208,8,2011,3181.0
32,2011-09-01,Energiesteuer,24213,24517,9,2011,3309.0
33,2011-10-01,Energiesteuer,27662,28104,10,2011,3587.0
34,2011-11-01,Energiesteuer,31236,31627,11,2011,3523.0
35,2011-12-01,Energiesteuer,39838,40036,12,2011,8409.0
36,2012-01-01,Energiesteuer,218,312,1,2012,312.0
37,2012-02-01,Energiesteuer,1429,1672,2,2012,1360.0
38,2012-03-01,Energiesteuer,4457,4406,3,2012,2734.0
39,2012-04-01,Energiesteuer,7555,7577,4,2012,3171.0
40,2012-05-01,Energiesteuer,10972,10813,5,2012,3236.0
41,2012-06-01,Energiesteuer,14459,14113,6,2012,3300.0
42,2012-07-01,Energiesteuer,18027,17403,7,2012,3290.0
43,2012-08-01,Energiesteuer,21208,20696,8,2012,3293.0
44,2012-09-01,Energiesteuer,24517,24127,9,2012,3431.0
45,2012-10-01,Energiesteuer,28104,27667,10,2012,3540.0
46,2012-11-01,Energiesteuer,31627,30924,11,2012,3257.0
47,2012-12-01,Energiesteuer,40036,39305,12,2012,8381.0
48,2013-01-01,Energiesteuer,312,452,1,2013,452.0
49,2013-02-01,Energiesteuer,1672,1718,2,2013,1266.0
50,2013-03-01,Energiesteuer,4406,4672,3,2013,2954.0
51,2013-04-01,Energiesteuer,7577,7480,4,2013,2808.0
52,2013-05-01,Energiesteuer,10813,10658,5,2013,3178.0
53,2013-06-01,Energiesteuer,14113,14144,6,2013,3486.0
54,2013-07-01,Energiesteuer,17403,17453,7,2013,3309.0
55,2013-08-01,Energiesteuer,20696,20708,8,2013,3255.0
56,2013-09-01,Energiesteuer,24127,24245,9,2013,3537.0
57,2013-10-01,Energiesteuer,27667,27668,10,2013,3423.0
58,2013-11-01,Energiesteuer,30924,31083,11,2013,3415.0
59,2013-12-01,Energiesteuer,39305,39364,12,2013,8281.0
60,2014-01-01,Energiesteuer,452,338,1,2014,338.0
61,2014-02-01,Energiesteuer,1718,1614,2,2014,1276.0
62,2014-03-01,Energiesteuer,4672,4675,3,2014,3061.0
63,2014-04-01,Energiesteuer,7480,7530,4,2014,2855.0
64,2014-05-01,Energiesteuer,10658,10827,5,2014,3297.0
65,2014-06-01,Energiesteuer,14144,14543,6,2014,3716.0
66,2014-07-01,Energiesteuer,17453,17863,7,2014,3320.0
67,2014-08-01,Energiesteuer,20708,21012,8,2014,3149.0
68,2014-09-01,Energiesteuer,24245,24572,9,2014,3560.0
69,2014-10-01,Energiesteuer,27668,27892,10,2014,3320.0
70,2014-11-01,Energiesteuer,31083,31338,11,2014,3446.0
71,2014-12-01,Energiesteuer,39364,39758,12,2014,8420.0
72,2015-01-01,Energiesteuer,338,246,1,2015,246.0
73,2015-02-01,Energiesteuer,1614,1685,2,2015,1439.0
74,2015-03-01,Energiesteuer,4675,4704,3,2015,3019.0
75,2015-04-01,Energiesteuer,7530,7631,4,2015,2927.0
76,2015-05-01,Energiesteuer,10827,10942,5,2015,3311.0
77,2015-06-01,Energiesteuer,14543,14215,6,2015,3273.0
78,2015-07-01,Energiesteuer,17863,17416,7,2015,3201.0
79,2015-08-01,Energiesteuer,21012,20783,8,2015,3367.0
80,2015-09-01,Energiesteuer,24572,24374,9,2015,3591.0
81,2015-10-01,Energiesteuer,27892,27715,10,2015,3341.0
82,2015-11-01,Energiesteuer,31338,31141,11,2015,3426.0
83,2015-12-01,Energiesteuer,39758,39594,12,2015,8453.0
84,2016-01-01,Energiesteuer,246,241,1,2016,241.0
85,2016-02-01,Energiesteuer,1685,1695,2,2016,1454.0
86,2016-03-01,Energiesteuer,4704,4620,3,2016,2925.0
87,2016-04-01,Energiesteuer,7631,7714,4,2016,3094.0
88,2016-05-01,Energiesteuer,10942,11066,5,2016,3352.0
89,2016-06-01,Energiesteuer,14215,14481,6,2016,3415.0
90,2016-07-01,Energiesteuer,17416,17846,7,2016,3365.0
91,2016-08-01,Energiesteuer,20783,21230,8,2016,3384.0
92,2016-09-01,Energiesteuer,24374,24629,9,2016,3399.0
93,2016-10-01,Energiesteuer,27715,28205,10,2016,3576.0
94,2016-11-01,Energiesteuer,31141,31706,11,2016,3501.0
95,2016-12-01,Energiesteuer,39594,40091,12,2016,8385.0
96,2017-01-01,Energiesteuer,241,277,1,2017,277.0
97,2017-02-01,Energiesteuer,1695,1740,2,2017,1463.0
98,2017-03-01,Energiesteuer,4620,4812,3,2017,3072.0
99,2017-04-01,Energiesteuer,7714,7806,4,2017,2994.0
100,2017-05-01,Energiesteuer,11066,11388,5,2017,3582.0
101,2017-06-01,Energiesteuer,14481,14903,6,2017,3515.0
102,2017-07-01,Energiesteuer,17846,18517,7,2017,3614.0
103,2017-08-01,Energiesteuer,21230,21973,8,2017,3456.0
104,2017-09-01,Energiesteuer,24629,25400,9,2017,3427.0
105,2017-10-01,Energiesteuer,28205,29036,10,2017,3636.0
106,2017-11-01,Energiesteuer,31706,32508,11,2017,3472.0
107,2017-12-01,Energiesteuer,40091,41022,12,2017,8514.0
108,2018-01-01,Energiesteuer,277,279,1,2018,279.0
109,2018-02-01,Energiesteuer,1740,1715,2,2018,1436.0
110,2018-03-01,Energiesteuer,4812,4865,3,2018,3150.0
111,2018-04-01,Energiesteuer,7806,8270,4,2018,3405.0
112,2018-05-01,Energiesteuer,11388,11414,5,2018,3144.0
113,2018-06-01,Energiesteuer,14903,15022,6,2018,3608.0
114,2018-07-01,Energiesteuer,18517,18526,7,2018,3504.0
115,2018-08-01,Energiesteuer,21973,21973,8,2018,3447.0
116,2018-09-01,Energiesteuer,25400,25445,9,2018,3472.0
117,2018-10-01,Energiesteuer,29036,29060,10,2018,3615.0
118,2018-11-01,Energiesteuer,32508,32368,11,2018,3308.0
119,2018-12-01,Energiesteuer,41022,40882,12,2018,8514.0
