,Date,Category,Prior Year Total,Current Year Total,Month,Year,Monthly Total
0,2008-01-01,Körperschaftsteuer,0,-14,1,2008,-14.0
1,2008-02-01,Körperschaftsteuer,0,-156,2,2008,-142.0
2,2008-03-01,Körperschaftsteuer,0,2372,3,2008,2528.0
3,2008-04-01,Körperschaftsteuer,0,2296,4,2008,-76.0
4,2008-05-01,Körperschaftsteuer,0,2189,5,2008,-107.0
5,2008-06-01,Körperschaftsteuer,0,4783,6,2008,2594.0
6,2008-07-01,Körperschaftsteuer,0,4671,7,2008,-112.0
7,2008-08-01,Körperschaftsteuer,0,4464,8,2008,-207.0
8,2008-09-01,Körperschaftsteuer,0,6828,9,2008,2364.0
9,2008-10-01,Körperschaftsteuer,0,6112,10,2008,-716.0
10,2008-11-01,Körperschaftsteuer,0,5644,11,2008,-468.0
11,2008-12-01,Körperschaftsteuer,0,7943,12,2008,2299.0
0,2009-01-01,Körperschaftsteuer,-14,117,1,2009,117.0
1,2009-02-01,Körperschaftsteuer,-156,28,2,2009,-89.0
2,2009-03-01,Körperschaftsteuer,2372,2199,3,2009,2171.0
3,2009-04-01,Körperschaftsteuer,2296,1608,4,2009,-591.0
4,2009-05-01,Körperschaftsteuer,2189,1173,5,2009,-435.0
5,2009-06-01,Körperschaftsteuer,4783,2370,6,2009,1197.0
6,2009-07-01,Körperschaftsteuer,4671,1961,7,2009,-409.0
7,2009-08-01,Körperschaftsteuer,4464,1542,8,2009,-419.0
8,2009-09-01,Körperschaftsteuer,6828,2666,9,2009,1124.0
9,2009-10-01,Körperschaftsteuer,6112,2100,10,2009,-566.0
10,2009-11-01,Körperschaftsteuer,5644,1524,11,2009,-576.0
11,2009-12-01,Körperschaftsteuer,7943,3587,12,2009,2063.0
12,2010-01-01,Körperschaftsteuer,117,-200,1,2010,-200.0
13,2010-02-01,Körperschaftsteuer,28,-444,2,2010,-244.0
14,2010-03-01,Körperschaftsteuer,2199,976,3,2010,1420.0
15,2010-04-01,Körperschaftsteuer,1608,1129,4,2010,153.0
16,2010-05-01,Körperschaftsteuer,1173,996,5,2010,-133.0
17,2010-06-01,Körperschaftsteuer,2370,2890,6,2010,1894.0
18,2010-07-01,Körperschaftsteuer,1961,2462,7,2010,-428.0
19,2010-08-01,Körperschaftsteuer,1542,2489,8,2010,27.0
20,2010-09-01,Körperschaftsteuer,2666,3684,9,2010,1195.0
21,2010-10-01,Körperschaftsteuer,2100,3157,10,2010,-527.0
22,2010-11-01,Körperschaftsteuer,1524,3008,11,2010,-149.0
23,2010-12-01,Körperschaftsteuer,3587,6021,12,2010,3013.0
24,2011-01-01,Körperschaftsteuer,-200,-930,1,2011,-930.0
25,2011-02-01,Körperschaftsteuer,-444,-878,2,2011,52.0
26,2011-03-01,Körperschaftsteuer,976,1243,3,2011,2121.0
27,2011-04-01,Körperschaftsteuer,1129,762,4,2011,-481.0
28,2011-05-01,Körperschaftsteuer,996,768,5,2011,6.0
29,2011-06-01,Körperschaftsteuer,2890,3350,6,2011,2582.0
30,2011-07-01,Körperschaftsteuer,2462,3244,7,2011,-106.0
31,2011-08-01,Körperschaftsteuer,2489,3191,8,2011,-53.0
32,2011-09-01,Körperschaftsteuer,3684,4864,9,2011,1673.0
33,2011-10-01,Körperschaftsteuer,3157,4559,10,2011,-305.0
34,2011-11-01,Körperschaftsteuer,3008,4665,11,2011,106.0
35,2011-12-01,Körperschaftsteuer,6021,7817,12,2011,3152.0
36,2012-01-01,Körperschaftsteuer,-930,163,1,2012,163.0
37,2012-02-01,Körperschaftsteuer,-878,150,2,2012,-13.0
38,2012-03-01,Körperschaftsteuer,1243,2735,3,2012,2585.0
39,2012-04-01,Körperschaftsteuer,762,2577,4,2012,-158.0
40,2012-05-01,Körperschaftsteuer,768,2615,5,2012,38.0
41,2012-06-01,Körperschaftsteuer,3350,5233,6,2012,2618.0
42,2012-07-01,Körperschaftsteuer,3244,5328,7,2012,95.0
43,2012-08-01,Körperschaftsteuer,3191,5486,8,2012,158.0
44,2012-09-01,Körperschaftsteuer,4864,6499,9,2012,1013.0
45,2012-10-01,Körperschaftsteuer,4559,5918,10,2012,-581.0
46,2012-11-01,Körperschaftsteuer,4665,5614,11,2012,-304.0
47,2012-12-01,Körperschaftsteuer,7817,8467,12,2012,2853.0
48,2013-01-01,Körperschaftsteuer,163,339,1,2013,339.0
49,2013-02-01,Körperschaftsteuer,150,340,2,2013,1.0
50,2013-03-01,Körperschaftsteuer,2735,3007,3,2013,2667.0
51,2013-04-01,Körperschaftsteuer,2577,3065,4,2013,58.0
52,2013-05-01,Körperschaftsteuer,2615,2876,5,2013,-189.0
53,2013-06-01,Körperschaftsteuer,5233,5721,6,2013,2845.0
54,2013-07-01,Körperschaftsteuer,5328,5692,7,2013,-29.0
55,2013-08-01,Körperschaftsteuer,5486,5415,8,2013,-277.0
56,2013-09-01,Körperschaftsteuer,6499,7375,9,2013,1960.0
57,2013-10-01,Körperschaftsteuer,5918,6825,10,2013,-550.0
58,2013-11-01,Körperschaftsteuer,5614,6650,11,2013,-175.0
59,2013-12-01,Körperschaftsteuer,8467,9754,12,2013,3104.0
60,2014-01-01,Körperschaftsteuer,339,282,1,2014,282.0
61,2014-02-01,Körperschaftsteuer,340,87,2,2014,-195.0
62,2014-03-01,Körperschaftsteuer,3007,2805,3,2014,2718.0
63,2014-04-01,Körperschaftsteuer,3065,2541,4,2014,-264.0
64,2014-05-01,Körperschaftsteuer,2876,2572,5,2014,31.0
65,2014-06-01,Körperschaftsteuer,5721,5339,6,2014,2767.0
66,2014-07-01,Körperschaftsteuer,5692,5172,7,2014,-167.0
67,2014-08-01,Körperschaftsteuer,5415,5318,8,2014,146.0
68,2014-09-01,Körperschaftsteuer,7375,7496,9,2014,2178.0
69,2014-10-01,Körperschaftsteuer,6825,6894,10,2014,-602.0
70,2014-11-01,Körperschaftsteuer,6650,6650,11,2014,-244.0
71,2014-12-01,Körperschaftsteuer,9754,10022,12,2014,3372.0
72,2015-01-01,Körperschaftsteuer,282,193,1,2015,193.0
73,2015-02-01,Körperschaftsteuer,87,-210,2,2015,-403.0
74,2015-03-01,Körperschaftsteuer,2805,2719,3,2015,2929.0
75,2015-04-01,Körperschaftsteuer,2541,2110,4,2015,-609.0
76,2015-05-01,Körperschaftsteuer,2572,2325,5,2015,215.0
77,2015-06-01,Körperschaftsteuer,5339,5644,6,2015,3319.0
78,2015-07-01,Körperschaftsteuer,5172,5574,7,2015,-70.0
79,2015-08-01,Körperschaftsteuer,5318,5353,8,2015,-221.0
80,2015-09-01,Körperschaftsteuer,7496,7871,9,2015,2518.0
81,2015-10-01,Körperschaftsteuer,6894,7187,10,2015,-684.0
82,2015-11-01,Körperschaftsteuer,6650,6785,11,2015,-402.0
83,2015-12-01,Körperschaftsteuer,10022,9792,12,2015,3007.0
84,2016-01-01,Körperschaftsteuer,193,668,1,2016,668.0
85,2016-02-01,Körperschaftsteuer,-2100,678,2,2016,10.0
86,2016-03-01,Körperschaftsteuer,2719,4217,3,2016,3539.0
87,2016-04-01,Körperschaftsteuer,2110,4044,4,2016,-173.0
88,2016-05-01,Körperschaftsteuer,2325,4615,5,2016,571.0
89,2016-06-01,Körperschaftsteuer,5644,7881,6,2016,3266.0
90,2016-07-01,Körperschaftsteuer,5574,8026,7,2016,145.0
91,2016-08-01,Körperschaftsteuer,5353,7961,8,2016,-65.0
92,2016-09-01,Körperschaftsteuer,7871,10654,9,2016,2693.0
93,2016-10-01,Körperschaftsteuer,7187,10202,10,2016,-452.0
94,2016-11-01,Körperschaftsteuer,6785,9980,11,2016,-222.0
95,2016-12-01,Körperschaftsteuer,9792,13721,12,2016,3741.0
96,2017-01-01,Körperschaftsteuer,668,159,1,2017,159.0
97,2017-02-01,Körperschaftsteuer,678,342,2,2017,183.0
98,2017-03-01,Körperschaftsteuer,4217,4255,3,2017,3913.0
99,2017-04-01,Körperschaftsteuer,4044,4531,4,2017,276.0
100,2017-05-01,Körperschaftsteuer,4615,4639,5,2017,108.0
101,2017-06-01,Körperschaftsteuer,7881,8191,6,2017,3552.0
102,2017-07-01,Körperschaftsteuer,8026,8285,7,2017,94.0
103,2017-08-01,Körperschaftsteuer,7961,8295,8,2017,10.0
104,2017-09-01,Körperschaftsteuer,10654,11208,9,2017,2913.0
105,2017-10-01,Körperschaftsteuer,10202,10506,10,2017,-702.0
106,2017-11-01,Körperschaftsteuer,9980,10318,11,2017,-188.0
107,2017-12-01,Körperschaftsteuer,13721,14629,12,2017,4311.0
108,2018-01-01,Körperschaftsteuer,159,386,1,2018,386.0
109,2018-02-01,Körperschaftsteuer,342,629,2,2018,243.0
110,2018-03-01,Körperschaftsteuer,4255,4709,3,2018,4080.0
111,2018-04-01,Körperschaftsteuer,4531,4916,4,2018,207.0
112,2018-05-01,Körperschaftsteuer,4639,5342,5,2018,426.0
113,2018-06-01,Körperschaftsteuer,8191,9360,6,2018,4018.0
114,2018-07-01,Körperschaftsteuer,8285,9107,7,2018,-253.0
115,2018-08-01,Körperschaftsteuer,8295,9131,8,2018,24.0
116,2018-09-01,Körperschaftsteuer,11208,12956,9,2018,3825.0
117,2018-10-01,Körperschaftsteuer,10506,12906,10,2018,-50.0
118,2018-11-01,Körperschaftsteuer,10318,12790,11,2018,-116.0
119,2018-12-01,Körperschaftsteuer,14629,16713,12,2018,3923.0
