,Date,Category,Prior Year Total,Current Year Total,Month,Year,Monthly Total
0,2008-01-01,Mehrwertsteuer-Eigenmittel der EU,0,-631,1,2008,-631.0
1,2008-02-01,Mehrwertsteuer-Eigenmittel der EU,0,-1262,2,2008,-631.0
2,2008-03-01,Mehrwertsteuer-Eigenmittel der EU,0,-1578,3,2008,-316.0
3,2008-04-01,Mehrwertsteuer-Eigenmittel der EU,0,-1893,4,2008,-315.0
4,2008-05-01,Mehrwertsteuer-Eigenmittel der EU,0,-2083,5,2008,-190.0
5,2008-06-01,Mehrwertsteuer-Eigenmittel der EU,0,-2240,6,2008,-157.0
6,2008-07-01,Mehrwertsteuer-Eigenmittel der EU,0,-2430,7,2008,-190.0
7,2008-08-01,Mehrwertsteuer-Eigenmittel der EU,0,-2619,8,2008,-189.0
8,2008-09-01,Mehrwertsteuer-Eigenmittel der EU,0,-2840,9,2008,-221.0
9,2008-10-01,Mehrwertsteuer-Eigenmittel der EU,0,-3118,10,2008,-278.0
10,2008-11-01,Mehrwertsteuer-Eigenmittel der EU,0,-3429,11,2008,-311.0
11,2008-12-01,Mehrwertsteuer-Eigenmittel der EU,0,-3738,12,2008,-309.0
0,2009-01-01,Mehrwertsteuer-Eigenmittel der EU,-631,-332,1,2009,-332.0
1,2009-02-01,Mehrwertsteuer-Eigenmittel der EU,-1262,-1327,2,2009,-995.0
2,2009-03-01,Mehrwertsteuer-Eigenmittel der EU,-1578,-1659,3,2009,-332.0
3,2009-04-01,Mehrwertsteuer-Eigenmittel der EU,-1893,-1991,4,2009,-332.0
4,2009-05-01,Mehrwertsteuer-Eigenmittel der EU,-2083,-2190,5,2009,-199.0
5,2009-06-01,Mehrwertsteuer-Eigenmittel der EU,-2240,-1182,6,2009,1008.0
6,2009-07-01,Mehrwertsteuer-Eigenmittel der EU,-2430,-1249,7,2009,-67.0
7,2009-08-01,Mehrwertsteuer-Eigenmittel der EU,-2619,-1401,8,2009,-152.0
8,2009-09-01,Mehrwertsteuer-Eigenmittel der EU,-2840,-1519,9,2009,-118.0
9,2009-10-01,Mehrwertsteuer-Eigenmittel der EU,-3118,-1578,10,2009,-59.0
10,2009-11-01,Mehrwertsteuer-Eigenmittel der EU,-3429,-1735,11,2009,-157.0
11,2009-12-01,Mehrwertsteuer-Eigenmittel der EU,-3738,-2017,12,2009,-282.0
12,2010-01-01,Mehrwertsteuer-Eigenmittel der EU,-332,-199,1,2010,-199.0
13,2010-02-01,Mehrwertsteuer-Eigenmittel der EU,-1327,-611,2,2010,-412.0
14,2010-03-01,Mehrwertsteuer-Eigenmittel der EU,-1659,-687,3,2010,-76.0
15,2010-04-01,Mehrwertsteuer-Eigenmittel der EU,-1991,-764,4,2010,-77.0
16,2010-05-01,Mehrwertsteuer-Eigenmittel der EU,-2190,-885,5,2010,-121.0
17,2010-06-01,Mehrwertsteuer-Eigenmittel der EU,-1182,-947,6,2010,-62.0
18,2010-07-01,Mehrwertsteuer-Eigenmittel der EU,-1249,-1074,7,2010,-127.0
19,2010-08-01,Mehrwertsteuer-Eigenmittel der EU,-1401,-1226,8,2010,-152.0
20,2010-09-01,Mehrwertsteuer-Eigenmittel der EU,-1519,-1379,9,2010,-153.0
21,2010-10-01,Mehrwertsteuer-Eigenmittel der EU,-1578,-1532,10,2010,-153.0
22,2010-11-01,Mehrwertsteuer-Eigenmittel der EU,-1735,-1692,11,2010,-160.0
23,2010-12-01,Mehrwertsteuer-Eigenmittel der EU,-2017,-1836,12,2010,-144.0
24,2011-01-01,Mehrwertsteuer-Eigenmittel der EU,-199,-150,1,2011,-150.0
25,2011-02-01,Mehrwertsteuer-Eigenmittel der EU,-611,-555,2,2011,-405.0
26,2011-03-01,Mehrwertsteuer-Eigenmittel der EU,-687,-646,3,2011,-91.0
27,2011-04-01,Mehrwertsteuer-Eigenmittel der EU,-764,-721,4,2011,-75.0
28,2011-05-01,Mehrwertsteuer-Eigenmittel der EU,-885,-826,5,2011,-105.0
29,2011-06-01,Mehrwertsteuer-Eigenmittel der EU,-947,-916,6,2011,-90.0
30,2011-07-01,Mehrwertsteuer-Eigenmittel der EU,-1074,-1051,7,2011,-135.0
31,2011-08-01,Mehrwertsteuer-Eigenmittel der EU,-1226,-1201,8,2011,-150.0
32,2011-09-01,Mehrwertsteuer-Eigenmittel der EU,-1379,-1351,9,2011,-150.0
33,2011-10-01,Mehrwertsteuer-Eigenmittel der EU,-1532,-1501,10,2011,-150.0
34,2011-11-01,Mehrwertsteuer-Eigenmittel der EU,-1692,-1718,11,2011,-217.0
35,2011-12-01,Mehrwertsteuer-Eigenmittel der EU,-1836,-1890,12,2011,-172.0
36,2012-01-01,Mehrwertsteuer-Eigenmittel der EU,-150,-161,1,2012,-161.0
37,2012-02-01,Mehrwertsteuer-Eigenmittel der EU,-555,-644,2,2012,-483.0
38,2012-03-01,Mehrwertsteuer-Eigenmittel der EU,-646,-805,3,2012,-161.0
39,2012-04-01,Mehrwertsteuer-Eigenmittel der EU,-721,-966,4,2012,-161.0
40,2012-05-01,Mehrwertsteuer-Eigenmittel der EU,-826,-1111,5,2012,-145.0
41,2012-06-01,Mehrwertsteuer-Eigenmittel der EU,-916,-1191,6,2012,-80.0
42,2012-07-01,Mehrwertsteuer-Eigenmittel der EU,-1051,-1272,7,2012,-81.0
43,2012-08-01,Mehrwertsteuer-Eigenmittel der EU,-1201,-1432,8,2012,-160.0
44,2012-09-01,Mehrwertsteuer-Eigenmittel der EU,-1351,-1593,9,2012,-161.0
45,2012-10-01,Mehrwertsteuer-Eigenmittel der EU,-1501,-1724,10,2012,-131.0
46,2012-11-01,Mehrwertsteuer-Eigenmittel der EU,-1718,-1821,11,2012,-97.0
47,2012-12-01,Mehrwertsteuer-Eigenmittel der EU,-1890,-2027,12,2012,-206.0
48,2013-01-01,Mehrwertsteuer-Eigenmittel der EU,-161,-222,1,2013,-222.0
49,2013-02-01,Mehrwertsteuer-Eigenmittel der EU,-644,-684,2,2013,-462.0
50,2013-03-01,Mehrwertsteuer-Eigenmittel der EU,-805,-855,3,2013,-171.0
51,2013-04-01,Mehrwertsteuer-Eigenmittel der EU,-966,-1025,4,2013,-170.0
52,2013-05-01,Mehrwertsteuer-Eigenmittel der EU,-1111,-1196,5,2013,-171.0
53,2013-06-01,Mehrwertsteuer-Eigenmittel der EU,-1191,-1367,6,2013,-171.0
54,2013-07-01,Mehrwertsteuer-Eigenmittel der EU,-1272,-1538,7,2013,-171.0
55,2013-08-01,Mehrwertsteuer-Eigenmittel der EU,-1432,-1709,8,2013,-171.0
56,2013-09-01,Mehrwertsteuer-Eigenmittel der EU,-1593,-1880,9,2013,-171.0
57,2013-10-01,Mehrwertsteuer-Eigenmittel der EU,-1724,-1965,10,2013,-85.0
58,2013-11-01,Mehrwertsteuer-Eigenmittel der EU,-1821,-1965,11,2013,0.0
59,2013-12-01,Mehrwertsteuer-Eigenmittel der EU,-2027,-2083,12,2013,-118.0
60,2014-01-01,Mehrwertsteuer-Eigenmittel der EU,-222,-404,1,2014,-404.0
61,2014-02-01,Mehrwertsteuer-Eigenmittel der EU,-684,-1347,2,2014,-943.0
62,2014-03-01,Mehrwertsteuer-Eigenmittel der EU,-855,-1684,3,2014,-337.0
63,2014-04-01,Mehrwertsteuer-Eigenmittel der EU,-1025,-2021,4,2014,-337.0
64,2014-05-01,Mehrwertsteuer-Eigenmittel der EU,-1196,-2358,5,2014,-337.0
65,2014-06-01,Mehrwertsteuer-Eigenmittel der EU,-1367,-2661,6,2014,-303.0
66,2014-07-01,Mehrwertsteuer-Eigenmittel der EU,-1538,-2897,7,2014,-236.0
67,2014-08-01,Mehrwertsteuer-Eigenmittel der EU,-1709,-3099,8,2014,-202.0
68,2014-09-01,Mehrwertsteuer-Eigenmittel der EU,-1880,-3233,9,2014,-134.0
69,2014-10-01,Mehrwertsteuer-Eigenmittel der EU,-1965,-3705,10,2014,-472.0
70,2014-11-01,Mehrwertsteuer-Eigenmittel der EU,-1965,-3705,11,2014,0.0
71,2014-12-01,Mehrwertsteuer-Eigenmittel der EU,-2083,-4015,12,2014,-310.0
72,2015-01-01,Mehrwertsteuer-Eigenmittel der EU,-404,-351,1,2015,-351.0
73,2015-02-01,Mehrwertsteuer-Eigenmittel der EU,-1347,-1466,2,2015,-1115.0
74,2015-03-01,Mehrwertsteuer-Eigenmittel der EU,-1684,-1817,3,2015,-351.0
75,2015-04-01,Mehrwertsteuer-Eigenmittel der EU,-2021,-2167,4,2015,-350.0
76,2015-05-01,Mehrwertsteuer-Eigenmittel der EU,-2358,-2518,5,2015,-351.0
77,2015-06-01,Mehrwertsteuer-Eigenmittel der EU,-2661,-2763,6,2015,-245.0
78,2015-07-01,Mehrwertsteuer-Eigenmittel der EU,-2897,-2903,7,2015,-140.0
79,2015-08-01,Mehrwertsteuer-Eigenmittel der EU,-3099,-3184,8,2015,-281.0
80,2015-09-01,Mehrwertsteuer-Eigenmittel der EU,-3233,-3289,9,2015,-105.0
81,2015-10-01,Mehrwertsteuer-Eigenmittel der EU,-3705,-3570,10,2015,-281.0
82,2015-11-01,Mehrwertsteuer-Eigenmittel der EU,-3705,-3857,11,2015,-287.0
83,2015-12-01,Mehrwertsteuer-Eigenmittel der EU,-4015,-4098,12,2015,-241.0
84,2016-01-01,Mehrwertsteuer-Eigenmittel der EU,-351,-354,1,2016,-354.0
85,2016-02-01,Mehrwertsteuer-Eigenmittel der EU,-1466,-1169,2,2016,-815.0
86,2016-03-01,Mehrwertsteuer-Eigenmittel der EU,-1817,-1523,3,2016,-354.0
87,2016-04-01,Mehrwertsteuer-Eigenmittel der EU,-2167,-1700,4,2016,-177.0
88,2016-05-01,Mehrwertsteuer-Eigenmittel der EU,-2518,-1983,5,2016,-283.0
89,2016-06-01,Mehrwertsteuer-Eigenmittel der EU,-2763,-2160,6,2016,-177.0
90,2016-07-01,Mehrwertsteuer-Eigenmittel der EU,-2903,-2479,7,2016,-319.0
91,2016-08-01,Mehrwertsteuer-Eigenmittel der EU,-3184,-2833,8,2016,-354.0
92,2016-09-01,Mehrwertsteuer-Eigenmittel der EU,-3289,-3188,9,2016,-355.0
93,2016-10-01,Mehrwertsteuer-Eigenmittel der EU,-3570,-3896,10,2016,-708.0
94,2016-11-01,Mehrwertsteuer-Eigenmittel der EU,-3857,-3896,11,2016,0.0
95,2016-12-01,Mehrwertsteuer-Eigenmittel der EU,-4098,-4250,12,2016,-354.0
96,2017-01-01,Mehrwertsteuer-Eigenmittel der EU,-354,-197,1,2017,-197.0
97,2017-02-01,Mehrwertsteuer-Eigenmittel der EU,-1169,-433,2,2017,-236.0
98,2017-03-01,Mehrwertsteuer-Eigenmittel der EU,-1523,-591,3,2017,-158.0
99,2017-04-01,Mehrwertsteuer-Eigenmittel der EU,-1700,-787,4,2017,-196.0
100,2017-05-01,Mehrwertsteuer-Eigenmittel der EU,-1983,-984,5,2017,-197.0
101,2017-06-01,Mehrwertsteuer-Eigenmittel der EU,-2160,-1181,6,2017,-197.0
102,2017-07-01,Mehrwertsteuer-Eigenmittel der EU,-2479,-1378,7,2017,-197.0
103,2017-08-01,Mehrwertsteuer-Eigenmittel der EU,-2833,-1575,8,2017,-197.0
104,2017-09-01,Mehrwertsteuer-Eigenmittel der EU,-3188,-1772,9,2017,-197.0
105,2017-10-01,Mehrwertsteuer-Eigenmittel der EU,-3896,-1968,10,2017,-196.0
106,2017-11-01,Mehrwertsteuer-Eigenmittel der EU,-3896,-2165,11,2017,-197.0
107,2017-12-01,Mehrwertsteuer-Eigenmittel der EU,-4250,-2362,12,2017,-197.0
108,2018-01-01,Mehrwertsteuer-Eigenmittel der EU,-197,-181,1,2018,-181.0
109,2018-02-01,Mehrwertsteuer-Eigenmittel der EU,-433,-522,2,2018,-341.0
110,2018-03-01,Mehrwertsteuer-Eigenmittel der EU,-591,-723,3,2018,-201.0
111,2018-04-01,Mehrwertsteuer-Eigenmittel der EU,-787,-904,4,2018,-181.0
112,2018-05-01,Mehrwertsteuer-Eigenmittel der EU,-984,-1045,5,2018,-141.0
113,2018-06-01,Mehrwertsteuer-Eigenmittel der EU,-1181,-1199,6,2018,-154.0
114,2018-07-01,Mehrwertsteuer-Eigenmittel der EU,-1378,-1380,7,2018,-181.0
115,2018-08-01,Mehrwertsteuer-Eigenmittel der EU,-1575,-1581,8,2018,-201.0
116,2018-09-01,Mehrwertsteuer-Eigenmittel der EU,-1772,-1782,9,2018,-201.0
117,2018-10-01,Mehrwertsteuer-Eigenmittel der EU,-1968,-2184,10,2018,-402.0
118,2018-11-01,Mehrwertsteuer-Eigenmittel der EU,-2165,-2184,11,2018,0.0
119,2018-12-01,Mehrwertsteuer-Eigenmittel der EU,-2362,-2385,12,2018,-201.0
