,Date,Category,Prior Year Total,Current Year Total,Month,Year,Monthly Total
0,2008-01-01,Solidaritätszuschlag,0,1020,1,2008,1020.0
1,2008-02-01,Solidaritätszuschlag,0,1758,2,2008,738.0
2,2008-03-01,Solidaritätszuschlag,0,3192,3,2008,1434.0
3,2008-04-01,Solidaritätszuschlag,0,4122,4,2008,930.0
4,2008-05-01,Solidaritätszuschlag,0,5098,5,2008,976.0
5,2008-06-01,Solidaritätszuschlag,0,6694,6,2008,1596.0
6,2008-07-01,Solidaritätszuschlag,0,7554,7,2008,860.0
7,2008-08-01,Solidaritätszuschlag,0,8311,8,2008,757.0
8,2008-09-01,Solidaritätszuschlag,0,9754,9,2008,1443.0
9,2008-10-01,Solidaritätszuschlag,0,10433,10,2008,679.0
10,2008-11-01,Solidaritätszuschlag,0,11112,11,2008,679.0
11,2008-12-01,Solidaritätszuschlag,0,13146,12,2008,2034.0
0,2009-01-01,Solidaritätszuschlag,1020,1124,1,2009,1124.0
1,2009-02-01,Solidaritätszuschlag,1758,1809,2,2009,685.0
2,2009-03-01,Solidaritätszuschlag,3192,3191,3,2009,1382.0
3,2009-04-01,Solidaritätszuschlag,4122,4011,4,2009,820.0
4,2009-05-01,Solidaritätszuschlag,5098,4914,5,2009,903.0
5,2009-06-01,Solidaritätszuschlag,6694,6248,6,2009,1334.0
6,2009-07-01,Solidaritätszuschlag,7554,7035,7,2009,787.0
7,2009-08-01,Solidaritätszuschlag,8311,7643,8,2009,608.0
8,2009-09-01,Solidaritätszuschlag,9754,8886,9,2009,1243.0
9,2009-10-01,Solidaritätszuschlag,10433,9500,10,2009,614.0
10,2009-11-01,Solidaritätszuschlag,11112,10103,11,2009,603.0
11,2009-12-01,Solidaritätszuschlag,13146,11927,12,2009,1824.0
12,2010-01-01,Solidaritätszuschlag,1124,913,1,2010,913.0
13,2010-02-01,Solidaritätszuschlag,1809,1593,2,2010,680.0
14,2010-03-01,Solidaritätszuschlag,3191,2856,3,2010,1263.0
15,2010-04-01,Solidaritätszuschlag,4011,3692,4,2010,836.0
16,2010-05-01,Solidaritätszuschlag,4914,4562,5,2010,870.0
17,2010-06-01,Solidaritätszuschlag,6248,5955,6,2010,1393.0
18,2010-07-01,Solidaritätszuschlag,7035,6663,7,2010,708.0
19,2010-08-01,Solidaritätszuschlag,7643,7298,8,2010,635.0
20,2010-09-01,Solidaritätszuschlag,8886,8571,9,2010,1273.0
21,2010-10-01,Solidaritätszuschlag,9500,9169,10,2010,598.0
22,2010-11-01,Solidaritätszuschlag,10103,9760,11,2010,591.0
23,2010-12-01,Solidaritätszuschlag,11927,11713,12,2010,1953.0
24,2011-01-01,Solidaritätszuschlag,913,938,1,2011,938.0
25,2011-02-01,Solidaritätszuschlag,1593,1661,2,2011,723.0
26,2011-03-01,Solidaritätszuschlag,2856,3072,3,2011,1411.0
27,2011-04-01,Solidaritätszuschlag,3692,3864,4,2011,792.0
28,2011-05-01,Solidaritätszuschlag,4562,4930,5,2011,1066.0
29,2011-06-01,Solidaritätszuschlag,5955,6522,6,2011,1592.0
30,2011-07-01,Solidaritätszuschlag,6663,7329,7,2011,807.0
31,2011-08-01,Solidaritätszuschlag,7298,8014,8,2011,685.0
32,2011-09-01,Solidaritätszuschlag,8571,9401,9,2011,1387.0
33,2011-10-01,Solidaritätszuschlag,9169,10070,10,2011,669.0
34,2011-11-01,Solidaritätszuschlag,9760,10734,11,2011,664.0
35,2011-12-01,Solidaritätszuschlag,11713,12781,12,2011,2047.0
36,2012-01-01,Solidaritätszuschlag,938,1017,1,2012,1017.0
37,2012-02-01,Solidaritätszuschlag,1661,1774,2,2012,757.0
38,2012-03-01,Solidaritätszuschlag,3072,3308,3,2012,1534.0
39,2012-04-01,Solidaritätszuschlag,3864,4153,4,2012,845.0
40,2012-05-01,Solidaritätszuschlag,4930,5183,5,2012,1030.0
41,2012-06-01,Solidaritätszuschlag,6522,6952,6,2012,1769.0
42,2012-07-01,Solidaritätszuschlag,7329,7840,7,2012,888.0
43,2012-08-01,Solidaritätszuschlag,8014,8696,8,2012,856.0
44,2012-09-01,Solidaritätszuschlag,9401,10135,9,2012,1439.0
45,2012-10-01,Solidaritätszuschlag,10070,10851,10,2012,716.0
46,2012-11-01,Solidaritätszuschlag,10734,11512,11,2012,661.0
47,2012-12-01,Solidaritätszuschlag,12781,13624,12,2012,2112.0
48,2013-01-01,Solidaritätszuschlag,1017,1045,1,2013,1045.0
49,2013-02-01,Solidaritätszuschlag,1774,1848,2,2013,803.0
50,2013-03-01,Solidaritätszuschlag,3308,3473,3,2013,1625.0
51,2013-04-01,Solidaritätszuschlag,4153,4386,4,2013,913.0
52,2013-05-01,Solidaritätszuschlag,5183,5438,5,2013,1052.0
53,2013-06-01,Solidaritätszuschlag,6952,7316,6,2013,1878.0
54,2013-07-01,Solidaritätszuschlag,7840,8234,7,2013,918.0
55,2013-08-01,Solidaritätszuschlag,8696,9019,8,2013,785.0
56,2013-09-01,Solidaritätszuschlag,10135,10630,9,2013,1611.0
57,2013-10-01,Solidaritätszuschlag,10851,11386,10,2013,756.0
58,2013-11-01,Solidaritätszuschlag,11512,12134,11,2013,748.0
59,2013-12-01,Solidaritätszuschlag,13624,14378,12,2013,2244.0
60,2014-01-01,Solidaritätszuschlag,1045,1064,1,2014,1064.0
61,2014-02-01,Solidaritätszuschlag,1848,1910,2,2014,846.0
62,2014-03-01,Solidaritätszuschlag,3473,3577,3,2014,1667.0
63,2014-04-01,Solidaritätszuschlag,4386,4486,4,2014,909.0
64,2014-05-01,Solidaritätszuschlag,5438,5523,5,2014,1037.0
65,2014-06-01,Solidaritätszuschlag,7316,7532,6,2014,2009.0
66,2014-07-01,Solidaritätszuschlag,8234,8485,7,2014,953.0
67,2014-08-01,Solidaritätszuschlag,9019,9340,8,2014,855.0
68,2014-09-01,Solidaritätszuschlag,10630,11030,9,2014,1690.0
69,2014-10-01,Solidaritätszuschlag,11386,11857,10,2014,827.0
70,2014-11-01,Solidaritätszuschlag,12134,12644,11,2014,787.0
71,2014-12-01,Solidaritätszuschlag,14378,15047,12,2014,2403.0
72,2015-01-01,Solidaritätszuschlag,1064,1079,1,2015,1079.0
73,2015-02-01,Solidaritätszuschlag,1910,1980,2,2015,901.0
74,2015-03-01,Solidaritätszuschlag,3577,3783,3,2015,1803.0
75,2015-04-01,Solidaritätszuschlag,4486,4747,4,2015,964.0
76,2015-05-01,Solidaritätszuschlag,5523,5886,5,2015,1139.0
77,2015-06-01,Solidaritätszuschlag,7532,8061,6,2015,2175.0
78,2015-07-01,Solidaritätszuschlag,8485,9088,7,2015,1027.0
79,2015-08-01,Solidaritätszuschlag,9340,9962,8,2015,874.0
80,2015-09-01,Solidaritätszuschlag,11030,11775,9,2015,1813.0
81,2015-10-01,Solidaritätszuschlag,11857,12626,10,2015,851.0
82,2015-11-01,Solidaritätszuschlag,12644,13427,11,2015,801.0
83,2015-12-01,Solidaritätszuschlag,15047,15930,12,2015,2503.0
84,2016-01-01,Solidaritätszuschlag,1079,1105,1,2016,1105.0
85,2016-02-01,Solidaritätszuschlag,1980,2038,2,2016,933.0
86,2016-03-01,Solidaritätszuschlag,3783,3979,3,2016,1941.0
87,2016-04-01,Solidaritätszuschlag,4747,5014,4,2016,1035.0
88,2016-05-01,Solidaritätszuschlag,5886,6244,5,2016,1230.0
89,2016-06-01,Solidaritätszuschlag,8061,8449,6,2016,2205.0
90,2016-07-01,Solidaritätszuschlag,9088,9530,7,2016,1081.0
91,2016-08-01,Solidaritätszuschlag,9962,10438,8,2016,908.0
92,2016-09-01,Solidaritätszuschlag,11775,12387,9,2016,1949.0
93,2016-10-01,Solidaritätszuschlag,12626,13289,10,2016,902.0
94,2016-11-01,Solidaritätszuschlag,13427,14119,11,2016,830.0
95,2016-12-01,Solidaritätszuschlag,15930,16855,12,2016,2736.0
96,2017-01-01,Solidaritätszuschlag,1105,1129,1,2017,1129.0
97,2017-02-01,Solidaritätszuschlag,2038,2162,2,2017,1033.0
98,2017-03-01,Solidaritätszuschlag,3979,4324,3,2017,2162.0
99,2017-04-01,Solidaritätszuschlag,5014,5461,4,2017,1137.0
100,2017-05-01,Solidaritätszuschlag,6244,6687,5,2017,1226.0
101,2017-06-01,Solidaritätszuschlag,8449,9133,6,2017,2446.0
102,2017-07-01,Solidaritätszuschlag,9530,10266,7,2017,1133.0
103,2017-08-01,Solidaritätszuschlag,10438,11237,8,2017,971.0
104,2017-09-01,Solidaritätszuschlag,12387,13276,9,2017,2039.0
105,2017-10-01,Solidaritätszuschlag,13289,14194,10,2017,918.0
106,2017-11-01,Solidaritätszuschlag,14119,15102,11,2017,908.0
107,2017-12-01,Solidaritätszuschlag,16855,17953,12,2017,2851.0
108,2018-01-01,Solidaritätszuschlag,1129,1222,1,2018,1222.0
109,2018-02-01,Solidaritätszuschlag,2162,2360,2,2018,1138.0
110,2018-03-01,Solidaritätszuschlag,4324,4587,3,2018,2227.0
111,2018-04-01,Solidaritätszuschlag,5461,5785,4,2018,1198.0
112,2018-05-01,Solidaritätszuschlag,6687,7139,5,2018,1354.0
113,2018-06-01,Solidaritätszuschlag,9133,9714,6,2018,2575.0
114,2018-07-01,Solidaritätszuschlag,10266,10885,7,2018,1171.0
115,2018-08-01,Solidaritätszuschlag,11237,11923,8,2018,1038.0
116,2018-09-01,Solidaritätszuschlag,13276,14067,9,2018,2144.0
117,2018-10-01,Solidaritätszuschlag,14194,15066,10,2018,999.0
118,2018-11-01,Solidaritätszuschlag,15102,16044,11,2018,978.0
119,2018-12-01,Solidaritätszuschlag,17953,18927,12,2018,2883.0
