,Date,Category,Prior Year Total,Current Year Total,Month,Year,Monthly Total
0,2008-01-01,Steuern vom Umsatz,0,7601,1,2008,7601.0
1,2008-02-01,Steuern vom Umsatz,0,16911,2,2008,9310.0
2,2008-03-01,Steuern vom Umsatz,0,23849,3,2008,6938.0
3,2008-04-01,Steuern vom Umsatz,0,30861,4,2008,7012.0
4,2008-05-01,Steuern vom Umsatz,0,38971,5,2008,8110.0
5,2008-06-01,Steuern vom Umsatz,0,46783,6,2008,7812.0
6,2008-07-01,Steuern vom Umsatz,0,54591,7,2008,7808.0
7,2008-08-01,Steuern vom Umsatz,0,63250,8,2008,8659.0
8,2008-09-01,Steuern vom Umsatz,0,71053,9,2008,7803.0
9,2008-10-01,Steuern vom Umsatz,0,78734,10,2008,7681.0
10,2008-11-01,Steuern vom Umsatz,0,87671,11,2008,8937.0
11,2008-12-01,Steuern vom Umsatz,0,95806,12,2008,8135.0
0,2009-01-01,Steuern vom Umsatz,7601,7560,1,2009,7560.0
1,2009-02-01,Steuern vom Umsatz,16911,16602,2,2009,9042.0
2,2009-03-01,Steuern vom Umsatz,23849,23201,3,2009,6599.0
3,2009-04-01,Steuern vom Umsatz,30861,30534,4,2009,7333.0
4,2009-05-01,Steuern vom Umsatz,38971,38710,5,2009,8176.0
5,2009-06-01,Steuern vom Umsatz,46783,46588,6,2009,7878.0
6,2009-07-01,Steuern vom Umsatz,54591,54265,7,2009,7677.0
7,2009-08-01,Steuern vom Umsatz,63250,62403,8,2009,8138.0
8,2009-09-01,Steuern vom Umsatz,71053,70519,9,2009,8116.0
9,2009-10-01,Steuern vom Umsatz,78734,78280,10,2009,7761.0
10,2009-11-01,Steuern vom Umsatz,87671,86887,11,2009,8607.0
11,2009-12-01,Steuern vom Umsatz,95806,95400,12,2009,8513.0
12,2010-01-01,Steuern vom Umsatz,7560,8003,1,2010,8003.0
13,2010-02-01,Steuern vom Umsatz,16602,16838,2,2010,8835.0
14,2010-03-01,Steuern vom Umsatz,23201,22756,3,2010,5918.0
15,2010-04-01,Steuern vom Umsatz,30534,30106,4,2010,7350.0
16,2010-05-01,Steuern vom Umsatz,38710,38759,5,2010,8653.0
17,2010-06-01,Steuern vom Umsatz,46588,46385,6,2010,7626.0
18,2010-07-01,Steuern vom Umsatz,54265,54134,7,2010,7749.0
19,2010-08-01,Steuern vom Umsatz,62403,62452,8,2010,8318.0
20,2010-09-01,Steuern vom Umsatz,70519,70333,9,2010,7881.0
21,2010-10-01,Steuern vom Umsatz,78280,78463,10,2010,8130.0
22,2010-11-01,Steuern vom Umsatz,86887,87292,11,2010,8829.0
23,2010-12-01,Steuern vom Umsatz,95400,95860,12,2010,8568.0
24,2011-01-01,Steuern vom Umsatz,8003,8355,1,2011,8355.0
25,2011-02-01,Steuern vom Umsatz,16838,18566,2,2011,10211.0
26,2011-03-01,Steuern vom Umsatz,22756,25528,3,2011,6962.0
27,2011-04-01,Steuern vom Umsatz,30106,33203,4,2011,7675.0
28,2011-05-01,Steuern vom Umsatz,38759,41987,5,2011,8784.0
29,2011-06-01,Steuern vom Umsatz,46385,50387,6,2011,8400.0
30,2011-07-01,Steuern vom Umsatz,54134,58232,7,2011,7845.0
31,2011-08-01,Steuern vom Umsatz,62452,66869,8,2011,8637.0
32,2011-09-01,Steuern vom Umsatz,70333,75289,9,2011,8420.0
33,2011-10-01,Steuern vom Umsatz,78463,83927,10,2011,8638.0
34,2011-11-01,Steuern vom Umsatz,87292,93211,11,2011,9284.0
35,2011-12-01,Steuern vom Umsatz,95860,101899,12,2011,8688.0
36,2012-01-01,Steuern vom Umsatz,8355,8411,1,2012,8411.0
37,2012-02-01,Steuern vom Umsatz,18566,19021,2,2012,10610.0
38,2012-03-01,Steuern vom Umsatz,25528,26126,3,2012,7105.0
39,2012-04-01,Steuern vom Umsatz,33203,34197,4,2012,8071.0
40,2012-05-01,Steuern vom Umsatz,41987,43194,5,2012,8997.0
41,2012-06-01,Steuern vom Umsatz,50387,51015,6,2012,7821.0
42,2012-07-01,Steuern vom Umsatz,58232,58638,7,2012,7623.0
43,2012-08-01,Steuern vom Umsatz,66869,67540,8,2012,8902.0
44,2012-09-01,Steuern vom Umsatz,75289,76466,9,2012,8926.0
45,2012-10-01,Steuern vom Umsatz,83927,84710,10,2012,8244.0
46,2012-11-01,Steuern vom Umsatz,93211,93978,11,2012,9268.0
47,2012-12-01,Steuern vom Umsatz,101899,103165,12,2012,9187.0
48,2013-01-01,Steuern vom Umsatz,8411,8258,1,2013,8258.0
49,2013-02-01,Steuern vom Umsatz,19021,18744,2,2013,10486.0
50,2013-03-01,Steuern vom Umsatz,26126,26226,3,2013,7482.0
51,2013-04-01,Steuern vom Umsatz,34197,33696,4,2013,7470.0
52,2013-05-01,Steuern vom Umsatz,43194,42990,5,2013,9294.0
53,2013-06-01,Steuern vom Umsatz,51015,51391,6,2013,8401.0
54,2013-07-01,Steuern vom Umsatz,58638,59101,7,2013,7710.0
55,2013-08-01,Steuern vom Umsatz,67540,68341,8,2013,9240.0
56,2013-09-01,Steuern vom Umsatz,76466,77308,9,2013,8967.0
57,2013-10-01,Steuern vom Umsatz,84710,85924,10,2013,8616.0
58,2013-11-01,Steuern vom Umsatz,93978,95078,11,2013,9154.0
59,2013-12-01,Steuern vom Umsatz,103165,104283,12,2013,9205.0
60,2014-01-01,Steuern vom Umsatz,8258,8528,1,2014,8528.0
61,2014-02-01,Steuern vom Umsatz,18744,19079,2,2014,10551.0
62,2014-03-01,Steuern vom Umsatz,26226,26999,3,2014,7920.0
63,2014-04-01,Steuern vom Umsatz,33696,35134,4,2014,8135.0
64,2014-05-01,Steuern vom Umsatz,42990,44471,5,2014,9337.0
65,2014-06-01,Steuern vom Umsatz,51391,53244,6,2014,8773.0
66,2014-07-01,Steuern vom Umsatz,59101,61337,7,2014,8093.0
67,2014-08-01,Steuern vom Umsatz,68341,70587,8,2014,9250.0
68,2014-09-01,Steuern vom Umsatz,77308,79827,9,2014,9240.0
69,2014-10-01,Steuern vom Umsatz,85924,88436,10,2014,8609.0
70,2014-11-01,Steuern vom Umsatz,95078,98604,11,2014,10168.0
71,2014-12-01,Steuern vom Umsatz,104283,107796,12,2014,9192.0
72,2015-01-01,Steuern vom Umsatz,8528,8631,1,2015,8631.0
73,2015-02-01,Steuern vom Umsatz,19079,19736,2,2015,11105.0
74,2015-03-01,Steuern vom Umsatz,26999,27562,3,2015,7826.0
75,2015-04-01,Steuern vom Umsatz,35134,35844,4,2015,8282.0
76,2015-05-01,Steuern vom Umsatz,44471,45701,5,2015,9857.0
77,2015-06-01,Steuern vom Umsatz,53244,54546,6,2015,8845.0
78,2015-07-01,Steuern vom Umsatz,61337,62910,7,2015,8364.0
79,2015-08-01,Steuern vom Umsatz,70587,72889,8,2015,9979.0
80,2015-09-01,Steuern vom Umsatz,79827,81694,9,2015,8805.0
81,2015-10-01,Steuern vom Umsatz,88436,90578,10,2015,8884.0
82,2015-11-01,Steuern vom Umsatz,98604,99221,11,2015,8643.0
83,2015-12-01,Steuern vom Umsatz,107796,108894,12,2015,9673.0
84,2016-01-01,Steuern vom Umsatz,8631,9141,1,2016,9141.0
85,2016-02-01,Steuern vom Umsatz,19736,20098,2,2016,10957.0
86,2016-03-01,Steuern vom Umsatz,27562,27972,3,2016,7874.0
87,2016-04-01,Steuern vom Umsatz,35844,36467,4,2016,8495.0
88,2016-05-01,Steuern vom Umsatz,45701,45981,5,2016,9514.0
89,2016-06-01,Steuern vom Umsatz,54546,55095,6,2016,9114.0
90,2016-07-01,Steuern vom Umsatz,62910,63181,7,2016,8086.0
91,2016-08-01,Steuern vom Umsatz,72889,72932,8,2016,9751.0
92,2016-09-01,Steuern vom Umsatz,81694,82030,9,2016,9098.0
93,2016-10-01,Steuern vom Umsatz,90578,91455,10,2016,9425.0
94,2016-11-01,Steuern vom Umsatz,99221,101374,11,2016,9919.0
95,2016-12-01,Steuern vom Umsatz,109694,107329,12,2016,5955.0
96,2017-01-01,Steuern vom Umsatz,9141,9459,1,2017,9459.0
97,2017-02-01,Steuern vom Umsatz,20098,20997,2,2017,11538.0
98,2017-03-01,Steuern vom Umsatz,27972,29054,3,2017,8057.0
99,2017-04-01,Steuern vom Umsatz,36467,37821,4,2017,8767.0
100,2017-05-01,Steuern vom Umsatz,45981,47461,5,2017,9640.0
101,2017-06-01,Steuern vom Umsatz,55095,56505,6,2017,9044.0
102,2017-07-01,Steuern vom Umsatz,63181,65258,7,2017,8753.0
103,2017-08-01,Steuern vom Umsatz,72932,74872,8,2017,9614.0
104,2017-09-01,Steuern vom Umsatz,82030,84261,9,2017,9389.0
105,2017-10-01,Steuern vom Umsatz,91455,93613,10,2017,9352.0
106,2017-11-01,Steuern vom Umsatz,101374,103957,11,2017,10344.0
107,2017-12-01,Steuern vom Umsatz,106529,114005,12,2017,10048.0
108,2018-01-01,Steuern vom Umsatz,9459,9535,1,2018,9535.0
109,2018-02-01,Steuern vom Umsatz,20997,21649,2,2018,12114.0
110,2018-03-01,Steuern vom Umsatz,29054,29688,3,2018,8039.0
111,2018-04-01,Steuern vom Umsatz,37821,38218,4,2018,8530.0
112,2018-05-01,Steuern vom Umsatz,47461,48210,5,2018,9992.0
113,2018-06-01,Steuern vom Umsatz,56505,57682,6,2018,9472.0
114,2018-07-01,Steuern vom Umsatz,65258,66582,7,2018,8900.0
115,2018-08-01,Steuern vom Umsatz,74872,76928,8,2018,10346.0
116,2018-09-01,Steuern vom Umsatz,84261,86567,9,2018,9639.0
117,2018-10-01,Steuern vom Umsatz,93613,96038,10,2018,9471.0
118,2018-11-01,Steuern vom Umsatz,103957,106480,11,2018,10442.0
119,2018-12-01,Steuern vom Umsatz,114805,116513,12,2018,10033.0
