,Date,Category,Prior Year Total,Current Year Total,Month,Year,Monthly Total
0,2008-01-01,Stromsteuer,0,543,1,2008,543.0
1,2008-02-01,Stromsteuer,0,1028,2,2008,485.0
2,2008-03-01,Stromsteuer,0,1547,3,2008,519.0
3,2008-04-01,Stromsteuer,0,2014,4,2008,467.0
4,2008-05-01,Stromsteuer,0,2509,5,2008,495.0
5,2008-06-01,Stromsteuer,0,3141,6,2008,632.0
6,2008-07-01,Stromsteuer,0,3602,7,2008,461.0
7,2008-08-01,Stromsteuer,0,4118,8,2008,516.0
8,2008-09-01,Stromsteuer,0,4605,9,2008,487.0
9,2008-10-01,Stromsteuer,0,5130,10,2008,525.0
10,2008-11-01,Stromsteuer,0,5709,11,2008,579.0
11,2008-12-01,Stromsteuer,0,6261,12,2008,552.0
0,2009-01-01,Stromsteuer,543,544,1,2009,544.0
1,2009-02-01,Stromsteuer,1028,1022,2,2009,478.0
2,2009-03-01,Stromsteuer,1547,1560,3,2009,538.0
3,2009-04-01,Stromsteuer,2014,2068,4,2009,508.0
4,2009-05-01,Stromsteuer,2509,2519,5,2009,451.0
5,2009-06-01,Stromsteuer,3141,3129,6,2009,610.0
6,2009-07-01,Stromsteuer,3602,3648,7,2009,519.0
7,2009-08-01,Stromsteuer,4118,4175,8,2009,527.0
8,2009-09-01,Stromsteuer,4605,4711,9,2009,536.0
9,2009-10-01,Stromsteuer,5130,5225,10,2009,514.0
10,2009-11-01,Stromsteuer,5709,5758,11,2009,533.0
11,2009-12-01,Stromsteuer,6261,6278,12,2009,520.0
12,2010-01-01,Stromsteuer,544,517,1,2010,517.0
13,2010-02-01,Stromsteuer,1022,858,2,2010,341.0
14,2010-03-01,Stromsteuer,1560,1498,3,2010,640.0
15,2010-04-01,Stromsteuer,2068,2007,4,2010,509.0
16,2010-05-01,Stromsteuer,2519,2481,5,2010,474.0
17,2010-06-01,Stromsteuer,3129,3068,6,2010,587.0
18,2010-07-01,Stromsteuer,3648,3567,7,2010,499.0
19,2010-08-01,Stromsteuer,4175,4074,8,2010,507.0
20,2010-09-01,Stromsteuer,4711,4631,9,2010,557.0
21,2010-10-01,Stromsteuer,5225,5159,10,2010,528.0
22,2010-11-01,Stromsteuer,5758,5631,11,2010,472.0
23,2010-12-01,Stromsteuer,6278,6171,12,2010,540.0
24,2011-01-01,Stromsteuer,517,513,1,2011,513.0
25,2011-02-01,Stromsteuer,858,953,2,2011,440.0
26,2011-03-01,Stromsteuer,1498,1785,3,2011,832.0
27,2011-04-01,Stromsteuer,2007,2437,4,2011,652.0
28,2011-05-01,Stromsteuer,2481,3000,5,2011,563.0
29,2011-06-01,Stromsteuer,3068,3744,6,2011,744.0
30,2011-07-01,Stromsteuer,3567,4351,7,2011,607.0
31,2011-08-01,Stromsteuer,4074,4932,8,2011,581.0
32,2011-09-01,Stromsteuer,4631,5508,9,2011,576.0
33,2011-10-01,Stromsteuer,5159,6120,10,2011,612.0
34,2011-11-01,Stromsteuer,5631,6682,11,2011,562.0
35,2011-12-01,Stromsteuer,6171,7247,12,2011,565.0
36,2012-01-01,Stromsteuer,513,544,1,2012,544.0
37,2012-02-01,Stromsteuer,953,1148,2,2012,604.0
38,2012-03-01,Stromsteuer,1785,1714,3,2012,566.0
39,2012-04-01,Stromsteuer,2437,2286,4,2012,572.0
40,2012-05-01,Stromsteuer,3000,2837,5,2012,551.0
41,2012-06-01,Stromsteuer,3744,3680,6,2012,843.0
42,2012-07-01,Stromsteuer,4351,4161,7,2012,481.0
43,2012-08-01,Stromsteuer,4932,4673,8,2012,512.0
44,2012-09-01,Stromsteuer,5508,5247,9,2012,574.0
45,2012-10-01,Stromsteuer,6120,5837,10,2012,590.0
46,2012-11-01,Stromsteuer,6682,6399,11,2012,562.0
47,2012-12-01,Stromsteuer,7247,6973,12,2012,574.0
48,2013-01-01,Stromsteuer,544,540,1,2013,540.0
49,2013-02-01,Stromsteuer,1148,1181,2,2013,641.0
50,2013-03-01,Stromsteuer,1714,1797,3,2013,616.0
51,2013-04-01,Stromsteuer,2286,2403,4,2013,606.0
52,2013-05-01,Stromsteuer,2837,2978,5,2013,575.0
53,2013-06-01,Stromsteuer,3680,3807,6,2013,829.0
54,2013-07-01,Stromsteuer,4161,4319,7,2013,512.0
55,2013-08-01,Stromsteuer,4673,4877,8,2013,558.0
56,2013-09-01,Stromsteuer,5247,5409,9,2013,532.0
57,2013-10-01,Stromsteuer,5837,5967,10,2013,558.0
58,2013-11-01,Stromsteuer,6399,6582,11,2013,615.0
59,2013-12-01,Stromsteuer,6973,7009,12,2013,427.0
60,2014-01-01,Stromsteuer,540,518,1,2014,518.0
61,2014-02-01,Stromsteuer,1181,979,2,2014,461.0
62,2014-03-01,Stromsteuer,1797,1550,3,2014,571.0
63,2014-04-01,Stromsteuer,2403,2061,4,2014,511.0
64,2014-05-01,Stromsteuer,2978,2569,5,2014,508.0
65,2014-06-01,Stromsteuer,3807,3269,6,2014,700.0
66,2014-07-01,Stromsteuer,4319,3826,7,2014,557.0
67,2014-08-01,Stromsteuer,4877,4422,8,2014,596.0
68,2014-09-01,Stromsteuer,5409,4985,9,2014,563.0
69,2014-10-01,Stromsteuer,5967,5563,10,2014,578.0
70,2014-11-01,Stromsteuer,6582,6140,11,2014,577.0
71,2014-12-01,Stromsteuer,7009,6638,12,2014,498.0
72,2015-01-01,Stromsteuer,518,621,1,2015,621.0
73,2015-02-01,Stromsteuer,979,1164,2,2015,543.0
74,2015-03-01,Stromsteuer,1550,1807,3,2015,643.0
75,2015-04-01,Stromsteuer,2061,2375,4,2015,568.0
76,2015-05-01,Stromsteuer,2569,2870,5,2015,495.0
77,2015-06-01,Stromsteuer,3269,3272,6,2015,402.0
78,2015-07-01,Stromsteuer,3826,3856,7,2015,584.0
79,2015-08-01,Stromsteuer,4422,4409,8,2015,553.0
80,2015-09-01,Stromsteuer,4985,4914,9,2015,505.0
81,2015-10-01,Stromsteuer,5563,5466,10,2015,552.0
82,2015-11-01,Stromsteuer,6140,5993,11,2015,527.0
83,2015-12-01,Stromsteuer,6638,6593,12,2015,600.0
84,2016-01-01,Stromsteuer,621,588,1,2016,588.0
85,2016-02-01,Stromsteuer,1164,1106,2,2016,518.0
86,2016-03-01,Stromsteuer,1807,1685,3,2016,579.0
87,2016-04-01,Stromsteuer,2375,2264,4,2016,579.0
88,2016-05-01,Stromsteuer,2870,2778,5,2016,514.0
89,2016-06-01,Stromsteuer,3272,3200,6,2016,422.0
90,2016-07-01,Stromsteuer,3856,3746,7,2016,546.0
91,2016-08-01,Stromsteuer,4409,4293,8,2016,547.0
92,2016-09-01,Stromsteuer,4914,4841,9,2016,548.0
93,2016-10-01,Stromsteuer,5466,5415,10,2016,574.0
94,2016-11-01,Stromsteuer,5993,5946,11,2016,531.0
95,2016-12-01,Stromsteuer,6593,6569,12,2016,623.0
96,2017-01-01,Stromsteuer,588,526,1,2017,526.0
97,2017-02-01,Stromsteuer,1106,1024,2,2017,498.0
98,2017-03-01,Stromsteuer,1685,1746,3,2017,722.0
99,2017-04-01,Stromsteuer,2264,2328,4,2017,582.0
100,2017-05-01,Stromsteuer,2778,2843,5,2017,515.0
101,2017-06-01,Stromsteuer,3200,3530,6,2017,687.0
102,2017-07-01,Stromsteuer,3746,4061,7,2017,531.0
103,2017-08-01,Stromsteuer,4293,4591,8,2017,530.0
104,2017-09-01,Stromsteuer,4841,5158,9,2017,567.0
105,2017-10-01,Stromsteuer,5415,5731,10,2017,573.0
106,2017-11-01,Stromsteuer,5946,6289,11,2017,558.0
107,2017-12-01,Stromsteuer,6569,6944,12,2017,655.0
108,2018-01-01,Stromsteuer,526,586,1,2018,586.0
109,2018-02-01,Stromsteuer,1024,1132,2,2018,546.0
110,2018-03-01,Stromsteuer,1746,1725,3,2018,593.0
111,2018-04-01,Stromsteuer,2328,2316,4,2018,591.0
112,2018-05-01,Stromsteuer,2843,2856,5,2018,540.0
113,2018-06-01,Stromsteuer,3530,3530,6,2018,674.0
114,2018-07-01,Stromsteuer,4061,4062,7,2018,532.0
115,2018-08-01,Stromsteuer,4591,4643,8,2018,581.0
116,2018-09-01,Stromsteuer,5158,5208,9,2018,565.0
117,2018-10-01,Stromsteuer,5731,5775,10,2018,567.0
118,2018-11-01,Stromsteuer,6289,6337,11,2018,562.0
119,2018-12-01,Stromsteuer,6944,6858,12,2018,521.0
